apple_1.jpg 2,27,320,345,0
apple_10.jpg 22,0,1480,1439,0
apple_11.jpg 205,0,452,245,0 0,0,209,282,0
apple_12.jpg 46,9,354,317,0
apple_13.jpg 69,353,403,687,0 399,230,735,566,0 175,191,507,523,0
apple_14.jpg 291,88,694,491,0
apple_15.jpg 632,243,1399,1045,0
apple_16.jpg 11,31,267,287,0
apple_17.jpg 67,182,607,723,0
apple_18.jpg 122,72,464,415,0
apple_19.jpg 148,37,1289,1179,0
apple_2.jpg 9,6,225,221,0
apple_20.jpg 23,41,477,495,0
apple_21.jpg 91,107,357,373,0 297,95,589,388,0
apple_22.jpg 114,143,608,637,0
apple_23.jpg 117,205,335,423,0 219,109,437,327,0 94,137,263,306,0
apple_24.jpg 0,0,399,422,0 101,712,986,1598,0
apple_25.jpg 8,33,182,207,0 159,13,346,200,0
apple_26.jpg 119,50,302,234,0 45,0,220,170,0
apple_27.jpg 294,24,665,349,0 23,0,414,349,0
apple_28.jpg 11,18,287,293,0
apple_29.jpg 12,27,229,245,0
apple_3.jpg 164,137,506,479,0 472,112,748,388,0 551,403,890,707,0 612,0,897,274,0 89,0,376,258,0 0,381,199,664,0 336,518,588,707,0 314,0,601,249,0 771,105,999,363,0 760,300,999,624,0
apple_30.jpg 236,110,609,482,0 211,398,554,741,0 0,11,287,437,0 439,126,774,462,0 570,462,799,762,0
apple_31.jpg 0,0,446,438,0 358,73,774,438,0
apple_32.jpg 490,92,1213,815,0
apple_33.jpg 34,28,752,746,0
apple_35.jpg 24,118,233,326,0
apple_36.jpg 0,2,162,166,0
apple_37.jpg 14,14,345,346,0
apple_38.jpg 0,25,1132,1212,0
apple_39.jpg 138,247,597,706,0
apple_4.jpg 138,31,320,214,0 1,12,174,186,0
apple_40.jpg 175,7,478,310,0
apple_41.jpg 135,23,337,248,0
apple_42.jpg 0,9,483,498,0
apple_43.jpg 137,62,687,612,0
apple_44.jpg 3,0,310,305,0
apple_45.jpg 0,61,357,421,0 278,34,601,358,0
apple_46.jpg 299,0,529,231,0 178,176,404,402,0 0,226,220,462,0 503,234,780,512,0 303,342,546,585,0 508,14,693,199,0
apple_47.jpg 23,22,617,617,0 417,26,917,526,0
apple_48.jpg 81,91,575,585,0 364,31,779,446,0
apple_49.jpg 0,40,248,294,0
apple_5.jpg 60,141,199,281,0 196,174,336,314,0 413,45,534,166,0 334,0,454,105,0 318,90,439,211,0 254,46,362,154,0
apple_50.jpg 135,29,293,187,0 26,16,141,130,0 78,131,184,226,0
apple_51.jpg 37,44,237,244,0
apple_52.jpg 126,62,270,205,0 0,164,171,350,0 220,169,361,310,0 197,308,335,446,0 374,235,465,326,0 310,106,408,204,0 395,62,464,130,0
apple_53.jpg 24,34,257,260,0
apple_54.jpg 0,155,731,926,0
apple_55.jpg 25,35,171,181,0 111,18,225,131,0 211,45,328,162,0
apple_56.jpg 315,224,854,763,0
apple_57.jpg 100,0,653,532,0
apple_58.jpg 167,331,651,809,0 0,97,385,599,0 230,0,716,461,0
apple_59.jpg 213,76,962,825,0
apple_6.jpg 88,98,440,449,0 567,181,854,468,0 271,285,546,559,0
apple_60.jpg 87,267,286,466,0 283,304,427,448,0 219,207,365,353,0 360,211,526,377,0 479,236,615,372,0 37,259,175,397,0
apple_61.jpg 211,111,443,344,0
apple_62.jpg 64,2,405,339,0
apple_63.jpg 0,0,758,696,0
apple_64.jpg 315,37,639,385,0 14,173,441,601,0
apple_65.jpg 25,183,267,425,0 166,163,387,385,0 21,0,284,231,0 366,274,555,463,0 599,308,799,522,0 468,360,687,579,0 166,338,383,555,0
apple_66.jpg 348,52,786,491,0 12,30,377,395,0
apple_67.jpg 272,38,597,363,0 46,110,394,459,0
apple_68.jpg 310,118,1004,813,0 49,121,564,636,0
apple_69.jpg 220,195,408,382,0 76,207,278,409,0 164,106,344,286,0
apple_7.jpg 221,159,1151,1090,0
apple_70.jpg 16,62,177,223,0
apple_71.jpg 283,15,614,346,0 78,0,356,251,0
apple_72.jpg 23,39,239,249,0
apple_73.jpg 10,5,207,203,0
apple_74.jpg 102,163,316,377,0 177,116,400,339,0
apple_75.jpg 11,0,289,278,0
apple_76.jpg 26,17,278,269,0
apple_77.jpg 60,48,176,164,0 110,124,218,228,0 206,124,299,228,0 1,2,99,100,0
apple_78.jpg 0,0,341,345,0
apple_79.jpg 40,92,695,719,0
apple_8.jpg 54,0,227,164,0
apple_80.jpg 57,15,527,485,0
apple_81.jpg 0,121,1499,1730,0
apple_82.jpg 24,76,382,434,0
apple_83.jpg 0,0,799,744,0
apple_84.jpg 32,9,482,459,0 373,177,760,564,0 519,0,849,329,0
apple_85.jpg 43,0,445,399,0
apple_86.jpg 92,124,178,211,0 26,131,111,216,0 176,140,249,213,0 241,134,325,218,0 321,139,398,216,0
apple_87.jpg 18,103,369,454,0
apple_88.jpg 88,331,1034,1278,0
apple_89.jpg 0,28,305,347,0
apple_9.jpg 147,63,621,524,0
apple_90.jpg 0,0,1813,1867,0
apple_91.jpg 182,10,752,572,0
apple_92.jpg 58,44,558,544,0
apple_93.jpg 116,12,436,332,0
apple_94.jpg 72,71,442,442,0 308,0,654,231,0 0,0,229,195,0
orange_44.jpg 130,111,245,227,1
orange_46.jpg 51,64,259,271,1
orange_47.jpg 19,27,306,313,1
orange_48.jpg 19,3,133,117,1
orange_49.jpg 196,214,903,923,1
orange_50.jpg 254,34,529,309,1
orange_51.jpg 245,35,580,370,1 0,1,370,377,1
orange_52.jpg 204,168,405,369,1 322,159,499,335,1
orange_53.jpg 273,257,720,704,1
orange_54.jpg 0,0,404,381,1 88,55,496,463,1
orange_55.jpg 37,148,503,614,1
orange_56.jpg 0,0,738,787,1 451,0,1291,771,1 262,321,997,1057,1
orange_57.jpg 123,37,339,253,1 44,257,308,521,1 262,369,461,569,1
orange_58.jpg 24,0,342,298,1 243,0,507,246,1 303,107,557,319,1
orange_59.jpg 0,54,210,284,1 141,143,363,365,1
orange_60.jpg 31,173,1734,1877,1
orange_61.jpg 99,191,1028,1120,1 567,554,1274,1261,1
orange_62.jpg 306,0,671,347,1 0,10,306,340,1
orange_63.jpg 119,387,1653,1922,1 1576,273,3159,1919,1
orange_64.jpg 24,106,359,441,1
orange_67.jpg 151,21,446,316,1
orange_68.jpg 106,9,601,476,1
orange_69.jpg 566,355,852,639,1 666,192,1021,546,1 471,156,765,450,1 0,209,308,518,1
orange_70.jpg 31,38,404,411,1 349,63,738,453,1 89,153,486,549,1
orange_71.jpg 91,182,885,977,1
orange_72.jpg 3,18,395,409,1
orange_73.jpg 120,0,906,767,1
orange_74.jpg 0,0,291,294,1 177,5,499,348,1 46,130,323,379,1
orange_75.jpg 75,110,512,547,1
orange_76.jpg 102,184,1019,1079,1 548,0,1504,766,1 1075,621,1516,1062,1
orange_77.jpg 0,82,143,303,1 151,176,360,385,1 317,148,525,355,1 351,0,556,156,1
orange_78.jpg 33,0,344,296,1 221,0,590,296,1
orange_79.jpg 197,5,409,217,1 171,174,392,395,1 0,160,188,371,1
orange_80.jpg 79,129,946,997,1
orange_81.jpg 93,257,624,789,1 517,139,1169,792,1 264,0,824,477,1
orange_82.jpg 11,56,461,506,1
orange_83.jpg 0,19,728,750,1
orange_84.jpg 140,0,445,281,1
orange_85.jpg 0,95,601,813,1
orange_86.jpg 152,129,361,339,1 0,73,193,271,1
orange_87.jpg 5,191,182,369,1 100,142,257,299,1 149,224,337,411,1 271,221,433,382,1 228,131,391,294,1
orange_89.jpg 4,13,550,559,1 552,156,1140,745,1
orange_90.jpg 47,24,201,179,1 163,0,307,115,1 12,0,166,95,1
orange_91.jpg 117,28,662,573,1
orange_92.jpg 156,0,386,203,1
orange_93.jpg 26,40,149,164,1 139,51,256,167,1
orange_94.jpg 100,20,385,305,1
orange_95.jpg 35,127,1208,1300,1
